﻿章节,开始页数,页数
1,114,43
2,157,128
3,285,30
4,315,217
5,532,134
6,666,333
7,999,83
8,1082,304
9,1386,57
10,1443,395
11,1838,29
12,1867,75
13,1942,427
14,2369,40
15,2409,173
16,2582,477
17,3059,108
18,3167,451
19,3618,138
20,3756,646
21,4402,34
22,4436,628
23,5064,88
24,5152,233
25,5385,52
26,5437,849
27,6286,40
28,6326,340
29,6666,42
30,6708,283
31,6991,
